10,101
10,7
10,74
10,174
10,85
10,133
10,310
10,183
11,12
11,28
11,30
11,9
11,24
11,2
11,3
85,6
85,5
85,4
85,3
85,2
85,1
85,0
84,7
84,6
84,5
84,4
9,4
84,3
84,2
84,1
9,6
84,0
83,3
83,2
83,1
83,0
82,6
82,5
82,4
82,3
82,2
82,1
8,12
82,0
8,4
81,4
8,14
81,3
8,9
81,2
81,1
8,7
81,0
80,6
80,5
80,1
34,3
34,1
33,3
33,1
32,3
32,1
31,4
31,3
31,1
30,4
30,3
30,1
29,18
29,16
29,15
29,14
29,13
29,12
29,11
29,10
29,9
29,8
29,7
29,5
29,3
29,1
28,4
28,3
28,1
27,3
27,1
26,4
26,3
26,1
25,4
25,3
25,1
24,4
24,3
24,1
23,6
23,5
23,4
23,3
23,2
23,1
20,3
20,2
20,1
19,3
19,2
19,1
14,5
12,3
12,2
12,1
11,25
11,23
11,21
18,1
11,17
11,15
18,3
11,1
11,11
10,295
